rSE_Trn_mean =  	12383.857712 
rSE_Trn_std =  	2447.432379 
