rSE_Trn_mean =  	8784.506850 
rSE_Trn_std =  	1661.211173 
