rSE_Trn_mean =  	4893.183254 
rSE_Trn_std =  	1151.869008 
