rSE_Trn_mean =  	9222.106702 
rSE_Trn_std =  	1761.497539 
