rSE_Trn_mean =  	9345.568777 
rSE_Trn_std =  	1804.202479 
