rSE_Trn_mean =  	12225.775455 
rSE_Trn_std =  	2406.804704 
