rSE_Trn_mean =  	9686.618445 
rSE_Trn_std =  	2766.974034 
