rSE_Trn_mean =  	9213.175774 
rSE_Trn_std =  	1804.782266 
