rSE_Trn_mean =  	6206.062874 
rSE_Trn_std =  	3347.244280 
