rSE_Trn_mean =  	9514.229418 
rSE_Trn_std =  	1458.418934 
