rSE_Trn_mean =  	9400.047427 
rSE_Trn_std =  	1690.505529 
