rSE_Trn_mean =  	9329.251408 
rSE_Trn_std =  	1655.826758 
