rSE_Trn_mean =  	9480.507101 
rSE_Trn_std =  	1702.026148 
