rSE_Trn_mean =  	8831.526417 
rSE_Trn_std =  	1671.803326 
