rSE_Trn_mean =  	9637.908994 
rSE_Trn_std =  	1505.390147 
