rSE_Trn_mean =  	9592.545517 
rSE_Trn_std =  	1496.633447 
