rSE_Trn_mean =  	9448.342787 
rSE_Trn_std =  	1697.537040 
