rSE_Trn_mean =  	9673.398268 
rSE_Trn_std =  	1507.257739 
