rSE_Trn_mean =  	9533.429757 
rSE_Trn_std =  	1700.997614 
