rSE_Trn_mean =  	9382.275835 
rSE_Trn_std =  	1812.395413 
