rSE_Trn_mean =  	9569.880335 
rSE_Trn_std =  	1702.713616 
