rSE_Trn_mean =  	9242.533242 
rSE_Trn_std =  	1794.256194 
