rSE_Trn_mean =  	9299.861395 
rSE_Trn_std =  	1798.830589 
