rSE_Trn_mean =  	8785.890216 
rSE_Trn_std =  	1674.939144 
