rSE_Trn_mean =  	5131.491227 
rSE_Trn_std =  	1185.972858 
