rSE_Trn_mean =  	8739.776592 
rSE_Trn_std =  	1665.964825 
