rSE_Trn_mean =  	12823.709892 
rSE_Trn_std =  	2341.320813 
